91.2 1 1.90892e+07 0.701678 1.41029e+07 -0.701389
91.2 2 1.48334e+07 0.500968 1.09627e+07 -0.499577
91.2 3 1.90891e+07 0.701678 1.41029e+07 -0.701389
91.2 4 1.48333e+07 0.500967 1.09627e+07 -0.499577
91.2 5 1.90888e+07 0.701679 1.41029e+07 -0.701389
91.2 6 0 0 0 0
91.2 7 0 0 0 0
91.2 8 0 0 0 0
91.2 9 0 0 0 0
91.2 10 0 0 0 0
91.2 11 1.30436e+07 0.113035 9.65528e+06 -0.110494
91.2 12 0 0 0 0
91.2 13 0 0 0 0
91.2 14 0 0 0 0
91.2 15 0 0 0 0
250 1 5221.07 0.699223 1314.05 0.287838
250 2 7772.81 0.611274 3737.68 0.709418
250 3 5224.8 0.699455 1314.12 0.287864
250 4 7780.59 0.611413 3737.67 0.709423
250 5 5242.07 0.700554 1314.43 0.287989
250 6 0 0 0 0
250 7 0 0 0 0
250 8 0 0 0 0
250 9 0 0 0 0
250 10 0 0 0 0
250 11 11008.9 0.529559 9799.33 0.502349
250 12 0 0 0 0
250 13 0 0 0 0
250 14 0 0 0 0
250 15 0 0 0 0
350 1 2371.18 0.688326 597.562 0.373296
350 2 3663.42 0.585116 1868.99 0.686006
350 3 2374.6 0.688862 597.626 0.373343
350 4 3670.81 0.585448 1868.98 0.686018
350 5 2390.5 0.691383 597.936 0.373566
350 6 3704.9 0.588408 1868.15 0.686382
350 7 0 0 0 0
350 8 0 0 0 0
350 9 0 0 0 0
350 10 0 0 0 0
350 11 5322.18 0.494571 4931.74 0.474349
350 12 0 0 0 0
350 13 0 0 0 0
350 14 0 0 0 0
350 15 0 0 0 0
380 1 1966.43 0.68641 498.636 0.38605
380 2 3053.7 0.579899 1581.39 0.682101
380 3 1969.8 0.68706 498.7 0.386104
380 4 3061.01 0.580305 1581.38 0.682115
380 5 1985.44 0.690106 499.01 0.386363
380 6 3093.98 0.583942 1580.92 0.682507
380 7 0 0 0 0
380 8 0 0 0 0
380 9 0 0 0 0
380 10 0 0 0 0
380 11 4450.95 0.487351 4176.11 0.470066
380 12 0 0 0 0
380 13 0 0 0 0
380 14 0 0 0 0
380 15 0 0 0 0
500 1 1053.31 0.68112 277.522 0.415315
500 2 1651.42 0.562398 908.307 0.672592
500 3 1056.49 0.682337 277.586 0.415405
500 4 1658.41 0.563189 908.29 0.672618
500 5 1071.34 0.687963 277.895 0.415833
500 6 1688.37 0.570266 908.701 0.673137
500 7 0 0 0 0
500 8 0 0 0 0
500 9 0 0 0 0
500 10 0 0 0 0
500 11 2420.02 0.461877 2402.89 0.459823
500 12 0 0 0 0
500 13 0 0 0 0
500 14 0 0 0 0
500 15 0 0 0 0
1000 1 183.844 0.665857 67.148 0.4441
1000 2 282.425 0.462331 226.135 0.660688
1000 3 186.152 0.672155 67.2122 0.444439
1000 4 287.646 0.467552 226.118 0.6608
1000 5 197.638 0.698159 67.5227 0.446064
1000 6 308.632 0.509549 227.388 0.662218
1000 7 0 0 0 0
1000 8 0 0 0 0
1000 9 0 0 0 0
1000 10 0 0 0 0
1000 11 405.475 0.298964 600.388 0.44539
1000 12 0 0 0 0
1000 13 0 0 0 0
1000 14 0 0 0 0
1000 15 0 0 0 0
