91.2 1 1.91688e+07 0.701588 1.41949e+07 -0.701306
91.2 2 1.4897e+07 0.500821 1.10356e+07 -0.49946
91.2 3 1.91688e+07 0.701588 1.41949e+07 -0.701306
91.2 4 1.4897e+07 0.500821 1.10356e+07 -0.49946
91.2 5 1.91688e+07 0.701588 1.41949e+07 -0.701306
91.2 6 1.4897e+07 0.500821 1.10356e+07 -0.49946
250 1 5358.83 0.69995 1321.2 0.284131
250 2 7998.81 0.615877 3741.96 0.710509
250 3 5358.83 0.69995 1321.2 0.284131
250 4 7998.81 0.615877 3741.96 0.710509
250 5 5358.83 0.69995 1321.2 0.284131
250 6 7998.81 0.615877 3741.96 0.710509
350 1 2494.58 0.689842 600.384 0.36963
350 2 3873.66 0.595038 1870.54 0.687465
350 3 2494.58 0.689842 600.384 0.36963
350 4 3873.66 0.595038 1870.54 0.687465
350 5 2494.58 0.689842 600.384 0.36963
350 6 3873.66 0.595038 1870.54 0.687465
380 1 2087.61 0.688215 500.904 0.3824
380 2 3261.3 0.591802 1582.6 0.683651
380 3 2087.61 0.688215 500.904 0.3824
380 4 3261.3 0.591802 1582.6 0.683651
380 5 2087.61 0.688215 500.904 0.3824
380 6 3261.3 0.591802 1582.6 0.683651
500 1 1168.61 0.684344 278.6 0.411707
500 2 1851.37 0.584227 908.8 0.674522
500 3 1168.61 0.684344 278.6 0.411707
500 4 1851.37 0.584227 908.8 0.674522
500 5 1168.61 0.684344 278.6 0.411707
500 6 1851.37 0.584227 908.8 0.674522
1000 1 283.253 0.680337 67.1586 0.440461
1000 2 455.087 0.576564 226.001 0.665034
1000 3 283.253 0.680337 67.1586 0.440461
1000 4 455.087 0.576564 226.001 0.665034
1000 5 283.253 0.680337 67.1586 0.440461
1000 6 455.087 0.576564 226.001 0.665034
