91.2 1 1.9053e+07 0.701364 1.4085e+07 -0.701079
91.2 2 1.48e+07 0.499267 1.09449e+07 -0.497896
91.2 3 1.9053e+07 0.701364 1.4085e+07 -0.701079
91.2 4 1.48e+07 0.499267 1.09449e+07 -0.497896
91.2 5 1.9053e+07 0.701364 1.4085e+07 -0.701078
91.2 6 1.48069e+07 0.49995 1.095e+07 -0.498576
250 1 5339.48 0.699711 1310.87 0.289191
250 2 7975.98 0.615468 3742.9 0.710245
250 3 5339.39 0.699708 1310.35 0.288972
250 4 7975.84 0.615466 3743 0.710208
250 5 5339.02 0.699694 1307.81 0.287917
250 6 7980.01 0.615293 3710.11 0.709826
350 1 2487.15 0.689591 594.668 0.374677
350 2 3865.16 0.594676 1870.48 0.688505
350 3 2487.07 0.689584 594.151 0.374285
350 4 3865.03 0.594671 1870.6 0.688416
350 5 2486.72 0.689551 591.649 0.372396
350 6 3866.78 0.59445 1839.7 0.687121
380 1 2081.82 0.687967 495.772 0.387456
380 2 3254.8 0.591467 1582.33 0.685208
380 3 2081.74 0.687958 495.256 0.387002
380 4 3254.67 0.591461 1582.45 0.6851
380 5 2081.39 0.687919 492.759 0.384813
380 6 3256.07 0.591222 1551.85 0.683471
500 1 1166.46 0.684126 274.722 0.416848
500 2 1849.37 0.584036 907.987 0.678609
500 3 1166.38 0.684111 274.208 0.4161
500 4 1849.24 0.584025 908.116 0.678413
500 5 1166.04 0.684038 271.728 0.412476
500 6 1849.86 0.583697 878.255 0.675193
1000 1 284.547 0.680422 64.4954 0.445111
1000 2 457.381 0.577478 224.74 0.68643
1000 3 284.471 0.680357 63.9857 0.442357
1000 4 457.25 0.577429 224.861 0.68568
1000 5 284.135 0.680052 61.5703 0.428625
1000 6 457.114 0.576466 196.237 0.67235
