91.2 1 1.89146e+07 0.701119 1.39786e+07 -0.700833
91.2 2 1.46888e+07 0.49794 1.08593e+07 -0.496563
91.2 3 1.89146e+07 0.701119 1.39786e+07 -0.700832
91.2 4 1.46888e+07 0.49794 1.08593e+07 -0.496563
91.2 5 1.89146e+07 0.701119 1.39785e+07 -0.70083
91.2 6 0 0 0 0
91.2 7 0 0 0 0
91.2 8 0 0 0 0
91.2 9 0 0 0 0
91.2 10 0 0 0 0
91.2 11 1.29433e+07 0.112905 9.58453e+06 -0.110359
91.2 12 0 0 0 0
91.2 13 0 0 0 0
91.2 14 0 0 0 0
91.2 15 0 0 0 0
250 1 5316.4 0.699404 1299.38 0.295575
250 2 7952.05 0.61486 3744.39 0.709581
250 3 5316.22 0.699398 1298.43 0.295101
250 4 7951.74 0.614855 3744.54 0.709522
250 5 5315.36 0.699366 1293.85 0.292801
250 6 0 0 0 0
250 7 0 0 0 0
250 8 0 0 0 0
250 9 0 0 0 0
250 10 0 0 0 0
250 11 11334.1 0.534864 9492.8 0.493134
250 12 0 0 0 0
250 13 0 0 0 0
250 14 0 0 0 0
250 15 0 0 0 0
350 1 2478.27 0.689267 587.864 0.382419
350 2 3856.52 0.594126 1871.62 0.688481
350 3 2478.09 0.689252 586.915 0.381565
350 4 3856.22 0.594114 1871.8 0.688339
350 5 2477.28 0.689178 582.349 0.377399
350 6 3859.31 0.593741 1808.44 0.685806
350 7 0 0 0 0
350 8 0 0 0 0
350 9 0 0 0 0
350 10 0 0 0 0
350 11 5645.31 0.508245 4637.45 0.455705
350 12 0 0 0 0
350 13 0 0 0 0
350 14 0 0 0 0
350 15 0 0 0 0
380 1 2074.89 0.687647 489.571 0.395688
380 2 3248.3 0.590949 1583.35 0.685458
380 3 2074.71 0.687629 488.621 0.3947
380 4 3248 0.590935 1583.54 0.685286
380 5 2073.91 0.687539 484.061 0.389869
380 6 3250.44 0.590521 1520.74 0.682094
380 7 0 0 0 0
380 8 0 0 0 0
380 9 0 0 0 0
380 10 0 0 0 0
380 11 4772.99 0.504154 3884.17 0.447896
380 12 0 0 0 0
380 13 0 0 0 0
380 14 0 0 0 0
380 15 0 0 0 0
500 1 1163.87 0.683842 269.846 0.427394
500 2 1847.65 0.58369 908.699 0.680215
500 3 1163.7 0.683808 268.897 0.425772
500 4 1847.35 0.583663 908.895 0.679906
500 5 1162.91 0.683645 264.36 0.417783
500 6 1848.34 0.583048 847.591 0.673581
500 7 0 0 0 0
500 8 0 0 0 0
500 9 0 0 0 0
500 10 0 0 0 0
500 11 2736.45 0.494405 2118.88 0.419909
500 12 0 0 0 0
500 13 0 0 0 0
500 14 0 0 0 0
500 15 0 0 0 0
1000 1 286.078 0.680491 61.2161 0.466316
1000 2 460.252 0.578434 225.315 0.696561
1000 3 285.908 0.680348 60.2655 0.460792
1000 4 459.956 0.578324 225.487 0.695453
1000 5 285.124 0.679662 55.8885 0.431799
1000 6 459.522 0.576268 167.945 0.669799
1000 7 0 0 0 0
1000 8 0 0 0 0
1000 9 0 0 0 0
1000 10 0 0 0 0
1000 11 680.677 0.481447 355.188 0.235349
1000 12 0 0 0 0
1000 13 0 0 0 0
1000 14 0 0 0 0
1000 15 0 0 0 0
