91.2 1 1.91325e+07 0.701529 1.4136e+07 -0.701246
91.2 2 1.48707e+07 0.50027 1.09911e+07 -0.498903
91.2 3 1.91325e+07 0.701529 1.4136e+07 -0.701245
91.2 4 1.48707e+07 0.50027 1.09911e+07 -0.498903
91.2 5 1.91325e+07 0.701529 1.41359e+07 -0.701245
91.2 6 0 0 0 0
91.2 7 0 0 0 0
91.2 8 0 0 0 0
91.2 9 0 0 0 0
91.2 10 0 0 0 0
91.2 11 1.30825e+07 0.112989 9.68483e+06 -0.11049
91.2 12 0 0 0 0
91.2 13 0 0 0 0
91.2 14 0 0 0 0
91.2 15 0 0 0 0
250 1 5353.59 0.699873 1315.05 0.286853
250 2 7993.28 0.615827 3741.81 0.710401
250 3 5353.53 0.699871 1314.76 0.286719
250 4 7993.19 0.615825 3741.86 0.710381
250 5 5353.26 0.699861 1313.33 0.28606
250 6 0 0 0 0
250 7 0 0 0 0
250 8 0 0 0 0
250 9 0 0 0 0
250 10 0 0 0 0
250 11 11354.9 0.537002 9714.54 0.501036
250 12 0 0 0 0
250 13 0 0 0 0
250 14 0 0 0 0
250 15 0 0 0 0
350 1 2493.01 0.689767 596.887 0.372529
350 2 3872.3 0.59503 1870.33 0.688008
350 3 2492.96 0.689763 596.596 0.372287
350 4 3872.22 0.595027 1870.39 0.68796
350 5 2492.7 0.689741 595.172 0.371095
350 6 3873 0.5949 1851.85 0.687174
350 7 0 0 0 0
350 8 0 0 0 0
350 9 0 0 0 0
350 10 0 0 0 0
350 11 5653.74 0.510592 4846.85 0.470736
350 12 0 0 0 0
350 13 0 0 0 0
350 14 0 0 0 0
350 15 0 0 0 0
380 1 2086.54 0.688144 497.745 0.385366
380 2 3260.53 0.591813 1582.35 0.684453
380 3 2086.49 0.688138 497.454 0.385085
380 4 3260.44 0.591809 1582.41 0.684395
380 5 2086.24 0.688112 496.032 0.383702
380 6 3261.05 0.59167 1564.03 0.683406
380 7 0 0 0 0
380 8 0 0 0 0
380 9 0 0 0 0
380 10 0 0 0 0
380 11 4779.75 0.506575 4091.27 0.465612
380 12 0 0 0 0
380 13 0 0 0 0
380 14 0 0 0 0
380 15 0 0 0 0
500 1 1168.66 0.684294 276.166 0.415024
500 2 1851.92 0.584329 908.418 0.676593
500 3 1168.61 0.684284 275.876 0.414558
500 4 1851.83 0.584322 908.486 0.676486
500 5 1168.36 0.684237 274.46 0.412259
500 6 1852.05 0.584123 890.485 0.674528
500 7 0 0 0 0
500 8 0 0 0 0
500 9 0 0 0 0
500 10 0 0 0 0
500 11 2739.5 0.497187 2318.42 0.45127
500 12 0 0 0 0
500 13 0 0 0 0
500 14 0 0 0 0
500 15 0 0 0 0
1000 1 284.366 0.680471 65.4004 0.446131
1000 2 456.887 0.577338 225.49 0.676034
1000 3 284.316 0.68043 65.1119 0.444379
1000 4 456.802 0.577305 225.558 0.675602
1000 5 284.072 0.68023 63.7168 0.435598
1000 6 456.645 0.576676 208.116 0.667032
1000 7 0 0 0 0
1000 8 0 0 0 0
1000 9 0 0 0 0
1000 10 0 0 0 0
1000 11 680.231 0.486855 518.741 0.404935
1000 12 0 0 0 0
1000 13 0 0 0 0
1000 14 0 0 0 0
1000 15 0 0 0 0
